1
2000
886 383
915 777
335 793
492 386
421 649
27 362
59 690
926 763
426 540
736 172
368 211
429 567
530 782
123 862
135 67
802 929
58 22
167 69
456 393
42 11
373 229
919 421
537 784
324 198
370 315
526 413
980 91
873 956
170 862
281 996
925 305
327 84
505 336
729 846
857 313
895 124
545 582
367 814
364 434
750 43
808 87
178 276
584 788
651 403
399 754
60 932
368 676
12 739
586 226
539 94
570 795
378 434
601 467
902 97
492 317
756 652
280 301
441 286
689 865
619 444
729 440
117 31
771 97
675 481
927 709
856 567
353 497
965 586
683 306
624 219
871 528
829 732
19 503
368 270
715 708
149 340
723 796
245 618
451 846
555 921
488 379
228 764
350 841
500 193
764 34
914 124
856 987
491 743
365 227
936 859
551 432
228 437
407 275
121 474
395 858
237 29
793 235
428 818
11 143
529 928
404 776
763 443
538 613
840 606
818 904
688 128
917 369
996 917
743 324
183 470
499 490
725 772
590 644
139 505
786 954
82 669
464 542
507 197
804 355
611 348
828 622
343 299
568 746
422 340
810 311
801 605
730 661
305 878
736 320
626 444
465 522
416 708
258 282
637 924
624 62
36 600
899 452
550 379
71 468
131 973
930 881
894 933
163 660
981 199
996 899
773 959
668 813
95 190
466 926
340 84
684 90
542 376
107 936
756 445
418 179
412 887
172 348
9 659
210 336
587 342
301 206
372 713
255 321
599 819
904 721
811 939
667 940
228 705
150 127
658 984
224 920
269 422
81 396
84 630
972 292
850 672
385 625
299 222
42 640
713 898
190 298
590 524
581 209
336 819
155 732
4 994
769 379
776 273
255 850
142 860
884 579
205 993
567 621
613 504
754 961
259 326
202 944
506 202
21 784
868 842
189 528
908 872
498 958
808 36
248 753
333 303
648 133
754 890
746 567
529 368
46 500
797 788
990 249
33 303
497 363
892 253
125 686
996 152
188 975
729 157
460 436
921 414
304 460
27 28
748 50
902 556
697 794
43 699
2 39
403 428
681 500
538 647
151 159
134 535
692 339
127 215
629 504
964 49
429 285
335 343
900 177
971 238
289 949
988 367
795 292
144 743
390 829
340 682
569 541
232 826
42 261
117 360
761 23
309 81
425 190
367 996
234 677
626 690
57 524
168 614
358 205
386 312
346 100
994 726
552 916
529 578
290 946
970 647
80 51
593 631
627 857
886 312
355 214
90 512
479 412
969 610
274 189
641 355
433 620
888 987
566 338
284 770
417 856
260 606
237 849
59 205
518 217
783 945
458 873
637 873
483 289
478 607
314 757
729 471
459 100
438 618
388 25
233 74
681 157
358 493
699 270
839 417
363 569
794 622
847 173
462 431
390 682
791 292
115 57
157 521
491 574
951 947
21 231
740 537
30 54
325 98
516 81
2 516
139 231
404 796
580 338
21 218
862 970
379 812
685 977
904 536
483 176
759 207
744 857
911 499
950 127
560 236
105 818
49 563
711 244
934 805
375 291
614 955
768 589
918 993
882 805
982 822
30 717
574 93
593 126
253 486
74 543
713 814
377 179
775 762
919 88
732 710
17 294
235 346
691 137
943 153
328 573
291 925
18 710
836 217
55 963
858 90
904 130
661 571
685 633
73 789
851 604
250 805
503 868
6 485
639 195
120 949
226 967
677 763
981 596
560 865
955 36
518 770
342 211
196 532
321 379
984 270
427 172
40 234
72 283
830 398
347 63
30 950
714 573
522 59
924 47
435 82
204 232
443 954
486 898
278 640
262 159
683 262
848 41
324 723
122 272
335 154
457 821
747 365
776 171
218 269
703 701
933 653
959 907
806 728
720 797
308 84
698 334
376 991
715 898
171 52
559 189
10 506
224 16
539 109
378 0
53 109
114 81
989 338
67 426
223 147
231 787
122 532
875 281
179 850
254 590
131 350
857 813
181 494
603 81
433 720
181 982
415 487
825 296
722 404
551 892
32 297
181 134
415 506
708 57
999 595
297 962
776 483
977 154
587 309
382 932
266 21
860 563
211 682
86 685
930 285
583 990
476 314
820 116
525 892
839 528
490 525
360 136
643 618
928 337
621 582
955 310
225 888
570 815
853 437
722 8
350 783
97 657
126 827
71 269
149 651
528 910
398 639
610 888
577 393
976 890
552 199
87 931
99 777
566 657
17 952
735 641
298 368
195 184
805 776
428 266
528 954
593 308
197 278
672 555
445 774
325 0
283 997
127 412
421 382
334 693
334 439
159 421
957 985
761 354
972 762
716 541
850 852
482 662
217 399
173 154
506 15
364 851
263 790
172 491
537 37
828 859
280 871
856 987
341 590
352 970
511 665
517 69
83 361
112 351
506 300
667 638
489 364
154 32
875 104
141 679
538 412
636 969
956 170
760 844
814 649
314 465
886 326
39 183
535 969
621 152
790 393
109 289
673 631
735 264
295 548
313 877
198 833
355 949
793 155
156 468
933 960
286 823
358 171
140 677
181 245
990 761
50 323
954 100
364 75
624 42
919 659
844 289
238 469
976 551
19 383
343 133
956 304
475 981
11 666
912 967
729 192
868 902
2 131
207 174
216 718
377 183
472 487
957 573
125 62
797 933
418 496
153 141
474 726
393 980
948 485
30 305
559 29
160 898
424 562
280 719
902 641
480 10
583 726
140 789
723 708
557 938
431 493
220 710
690 905
391 613
270 638
667 421
671 829
743 180
899 95
88 24
386 154
232 569
710 969
30 373
663 433
279 587
649 94
351 499
464 339
330 742
515 86
915 349
881 186
634 11
387 133
287 722
643 773
742 519
244 354
139 124
63 259
353 418
269 712
404 705
799 733
819 734
435 315
853 87
450 669
802 487
562 837
610 89
960 205
911 704
829 557
816 403
821 892
605 522
579 443
528 361
447 378
45 700
787 882
551 899
386 589
426 353
794 948
506 36
92 107
664 417
820 921
166 480
354 994
437 123
484 933
312 317
17 931
165 709
608 156
745 69
422 995
295 171
559 569
676 801
571 652
925 340
172 743
89 91
566 527
812 878
196 50
333 124
186 213
370 499
568 794
141 115
639 342
263 437
590 198
202 939
631 513
257 128
571 804
683 346
225 138
540 495
972 421
634 226
725 158
952 356
472 645
339 446
883 111
661 603
542 825
339 216
344 174
330 596
294 267
757 13
860 519
292 650
876 832
990 279
635 953
598 295
741 107
570 937
540 976
801 584
800 83
609 492
440 496
763 939
304 735
606 873
523 164
349 251
530 751
704 339
986 165
625 302
591 79
407 547
131 484
919 561
53 931
427 528
819 494
581 543
768 123
639 187
438 643
394 988
680 320
486 98
752 18
98 463
10 695
179 505
66 142
425 98
978 472
966 853
748 797
272 547
86 516
159 912
900 877
197 553
3 932
951 35
498 107
154 49
906 861
3 334
784 325
797 428
633 763
560 115
14 381
897 185
97 100
329 408
313 349
634 879
914 316
775 585
986 765
626 930
616 892
569 629
409 752
515 366
833 395
776 428
613 847
300 26
786 62
763 629
508 100
416 397
982 775
540 544
826 320
565 518
499 794
546 134
853 908
303 62
842 686
534 432
810 807
869 834
815 596
696 984
382 324
451 465
361 716
37 343
861 187
981 602
88 360
620 879
293 941
628 924
708 135
942 162
996 870
466 163
500 811
487 515
332 234
950 290
633 693
880 339
293 494
854 213
444 382
323 475
751 738
873 951
465 811
681 168
683 813
977 499
14 535
769 464
107 346
391 72
411 740
587 623
836 57
439 793
620 281
371 114
418 371
534 596
764 883
697 567
67 800
335 674
490 433
132 457
529 949
690 523
147 292
349 629
422 335
968 140
255 43
766 339
936 25
260 653
220 52
204 957
983 287
721 540
997 826
127 205
728 878
170 169
798 227
563 520
660 221
616 883
223 267
292 382
35 511
563 553
862 608
895 768
660 198
376 968
173 9
887 503
673 254
481 57
929 823
44 396
280 942
209 12
747 855
366 854
759 134
742 281
401 973
171 638
958 413
422 899
755 484
90 661
71 780
603 923
320 0
942 0
12 952
807 504
358 759
894 525
158 117
90 636
626 560
973 614
865 937
421 748
409 620
400 863
786 832
833 4
356 458
410 127
631 368
128 569
446 341
458 374
10 605
165 901
867 989
926 490
238 732
705 699
562 0
832 457
461 348
807 17
497 169
538 569
139 128
470 18
392 585
542 280
533 754
743 707
550 400
485 21
720 788
140 190
647 634
983 325
694 461
630 142
63 191
320 520
538 554
492 142
422 930
685 34
94 308
708 780
802 644
784 545
87 522
157 925
602 735
548 492
986 296
840 530
51 49
956 512
654 589
872 448
482 428
88 557
337 576
220 797
694 139
14 5
282 782
869 523
15 236
884 417
299 353
754 724
236 350
292 710
158 242
23 164
721 641
569 111
260 410
902 790
147 955
89 916
439 781
17 958
375 806
511 901
978 674
377 265
976 566
161 669
833 134
127 536
999 906
316 697
839 260
567 570
486 986
767 8
966 277
435 136
37 693
719 946
212 367
934 96
117 540
674 95
631 950
208 802
851 630
242 525
447 690
676 161
169 934
563 795
931 135
180 351
297 320
688 900
996 861
401 974
69 114
416 428
582 52
682 625
502 433
123 277
790 949
235 151
946 960
447 799
502 229
549 628
528 799
13 589
563 876
990 766
194 984
36 759
384 776
209 71
700 238
539 684
835 490
450 775
926 781
362 250
878 428
579 264
853 758
634 944
711 769
105 977
736 257
34 142
565 472
710 595
632 265
107 249
376 467
601 558
160 302
82 963
227 38
796 14
958 433
554 430
407 669
927 659
801 495
967 313
260 718
335 29
631 892
712 443
353 7
662 313
628 513
551 96
110 856
641 699
481 69
90 195
854 889
736 369
682 8
726 704
733 295
187 414
857 364
724 251
564 210
723 738
834 193
401 626
325 945
366 394
589 806
47 456
826 795
803 784
840 860
155 882
648 573
290 695
946 505
67 366
104 863
408 790
768 290
235 161
555 93
251 601
410 144
291 651
435 588
448 447
681 275
200 956
651 329
834 842
560 949
164 901
43 664
955 572
733 811
256 542
496 640
136 859
510 258
846 428
875 297
924 294
250 556
885 125
319 253
555 71
324 880
896 719
644 367
530 203
746 729
370 786
645 594
852 858
286 508
805 698
344 513
421 730
207 947
200 658
729 878
758 107
179 53
772 7
210 175
904 302
440 308
902 626
485 86
946 106
804 123
637 751
833 501
448 410
69 392
271 0
108 150
556 381
388 287
462 328
983 951
259 718
345 423
861 514
972 182
657 807
911 129
630 294
57 744
137 78
78 126
628 760
141 186
825 184
865 882
833 639
358 848
623 444
310 55
589 485
644 283
412 246
893 555
300 42
120 950
428 789
549 550
737 56
241 42
924 914
554 458
658 109
554 264
319 281
118 216
499 260
506 763
318 263
305 399
701 970
111 777
328 129
186 12
55 417
683 779
589 979
89 237
853 247
880 995
211 524
784 999
114 711
326 643
42 784
107 632
761 96
225 218
231 441
210 763
894 286
617 894
483 835
82 58
53 337
213 315
314 617
680 998
641 780
564 6
638 35
131 23
242 752
545 709
824 825
463 756
2 71
906 80
491 485
174 989
656 544
161 388
738 970
102 841
848 379
766 18
42 838
942 250
959 284
461 488
596 135
206 924
356 598
435 113
454 847
744 962
702 110
432 257
451 440
171 886
904 299
489 289
539 946
582 784
272 850
986 43
319 868
818 192
657 676
875 253
215 463
925 619
877 269
709 709
595 680
331 232
522 500
446 820
956 413
264 29
424 228
448 250
794 744
772 618
872 804
267 647
619 439
709 193
254 848
528 770
355 850
350 859
31 229
642 148
177 988
568 906
508 954
698 369
987 303
107 470
469 211
3 726
271 440
288 64
186 526
376 816
27 541
122 78
226 59
399 765
23 404
358 967
688 532
187 408
230 676
239 294
372 51
492 242
306 644
522 780
949 493
386 898
976 328
387 509
626 202
958 138
458 649
181 668
428 146
174 720
14 658
62 414
656 739
735 554
334 315
160 257
507 635
964 546
55 483
37 703
842 33
683 348
368 300
446 216
937 149
159 621
387 303
42 221
775 43
710 777
386 462
97 870
417 893
728 61
117 824
858 766
466 959
259 893
109 186
335 57
30 46
702 495
716 417
813 96
874 492
306 523
394 260
506 403
817 163
339 234
352 934
893 549
442 818
5 504
913 904
302 692
187 944
361 4
101 256
748 526
50 327
939 54
809 796
311 445
680 626
912 2
552 32
203 157
661 346
250 560
252 927
871 553
557 440
48 584
111 10
337 148
554 513
661 277
74 363
342 324
326 754
139 254
764 878
225 342
902 777
704 827
380 154
946 575
160 290
300 994
142 623
488 990
619 696
412 149
825 693
448 754
360 151
382 587
929 124
902 959
786 183
337 606
534 167
809 636
630 46
669 109
451 125
173 157
658 70
764 585
339 483
986 564
503 52
176 368
327 432
967 430
37 466
633 304
292 571
617 794
255 275
400 638
147 707
777 573
159 157
992 893
457 850
902 978
347 960
744 431
861 26
492 711
368 898
821 477
271 660
287 790
780 879
586 687
613 279
436 363
609 124
974 428
759 66
27 229
660 458
484 771
835 873
124 329
158 203
215 945
88 782
661 503
542 868
500 247
962 155
631 936
717 571
638 958
187 476
934 17
140 199
72 770
451 327
882 196
494 610
392 98
953 582
802 53
652 847
355 654
591 614
538 986
944 660
488 528
545 483
34 422
544 37
365 107
655 996
606 247
697 149
83 350
403 2
850 238
892 55
21 205
191 835
495 911
439 488
323 983
757 336
726 358
465 302
650 91
690 120
622 608
958 388
390 57
295 361
768 240
797 540
375 141
53 341
829 223
558 844
533 152
510 316
970 259
350 327
800 972
580 40
780 774
831 538
899 171
763 479
19 19
512 561
254 746
969 917
762 83
587 528
196 295
554 450
129 166
138 256
296 929
55 718
608 429
600 887
718 507
878 715
628 737
835 390
308 882
317 805
685 422
69 257
707 881
399 623
879 836
118 889
607 527
956 173
412 215
74 908
976 130
219 304
46 956
839 55
212 706
128 508
765 897
130 197
172 472
661 529
418 403
283 131
656 377
944 591
852 69
551 370
26 828
784 123
530 72
779 975
484 94
991 259
809 249
74 473
2 981
737 735
866 772
501 20
611 874
943 445
167 815
643 847
322 193
617 780
107 204
298 396
8 591
193 289
762 817
150 267
354 116
240 887
259 572
446 741
538 223
38 742
589 705
250 682
814 263
467 867
616 921
865 765
406 624
441 58
325 520
988 591
831 679
251 228
969 90
313 697
791 859
916 352
386 732
995 166
385 200
473 814
579 1
977 338
396 337
857 418
362 73
104 845
425 193
635 707
405 746
605 949
653 548
281 873
39 39
591 276
91 777
130 64
755 22
360 108
526 151
577 569
415 240
433 681
389 192
939 69
370 146
694 896
770 23
414 975
604 161
938 5
421 695
69 69
177 176
680 429
999 55
296 257
938 766
958 81
502 679
825 249
146 224
247 872
847 916
77 661
18 451
498 16
437 440
616 568
349 966
21 296
905 348
466 669
751 196
875 777
26 605
830 53
925 172
88 429
443 772
576 518
886 461
901 426
994 323
289 870
518 696
396 662
332 424
620 863
640 435
392 847
900 18
543 222
4 825
950 983
501 447
908 878
304 387
62 162
32 651
347 351
366 902
326 743
958 50
837 298
498 950
969 229
804 398
576 512
847 808
255 878
108 349
736 163
677 764
415 151
854 709
612 114
210 220
270 290
941 168
471 107
689 439
189 440
304 493
653 117
347 151
852 908
423 455
572 941
92 101
162 339
454 946
519 126
769 16
184 789
249 710
501 655
447 290
783 42
512 103
607 788
696 211
19 811
752 471
924 591
930 196
143 87
565 736
752 662
803 334
396 289
296 404
694 897
292 96
199 829
617 156
367 158
322 665
137 386
977 74
271 61
500 908
996 766
780 66
400 749
38 935
340 797
46 334
430 386
216 690
846 982
492 185
851 214
952 814
241 340
753 930
190 864
630 254
672 186
287 762
697 72
221 325
660 389
776 620
310 442
424 992
529 509
75 269
83 380
720 27
309 324
188 474
80 499
38 170
932 752
176 325
651 982
371 398
370 663
457 147
491 32
541 234
503 21
753 616
996 938
263 826
652 305
157 803
326 732
836 195
520 258
592 12
762 523
538 964
463 132
165 348
582 307
328 58
27 437
375 433
259 23
328 990
146 911
995 485
32 472
82 831
196 905
428 675
639 958
443 319
667 454
761 960
370 601
38 441
875 397
420 413
756 486
398 101
938 902
374 745
929 323
228 456
131 125
435 8
679 122
577 230
190 346
947 690
132 913
310 337
751 7
493 83
536 507
409 243
989 826
149 135
591 918
395 377
738 723
197 830
413 417
116 774
465 955
868 415
753 949
956 179
614 856
715 801
397 150
976 476
611 738
8 126
855 202
277 403
585 593
11 475
601 998
306 127
542 418
367 174
353 647
503 323
477 967
469 218
694 226
964 446
924 305
860 972
727 779
725 137
964 664
15 736
215 566
984 321
495 109
757 352
27 201
520 260
831 856
82 990
788 525
183 46
370 712
491 43
532 449
466 216
304 497
63 481
154 871
981 399
751 1
202 90
702 131
987 75
65 533
411 70
468 205
917 946
989 191
992 760
329 873
370 458
291 633
857 785
537 797
799 190
280 288
771 353
428 334
220 759
181 845
50 983
929 1
192 319
80 270
143 537
347 409
394 866
3 639
788 603
793 540
181 587
941 425
112 952
63 721
567 332
315 244
246 969
289 244
514 790
327 721
130 9
875 675
666 876
480 231
771 454
42 625
403 304
257 335
56 515
847 672
917 975
945 514
758 163
953 586
307 624
633 281
308 789
17 861
92 974
428 849
475 215
